0.0001000	1.000	0.0
0.00499936200000000	-192760	731718
0.00999872500000000	-160555	312708
0.0250018530000000	-79712	72216
0.0499936240000000	-28582.1100000000	12698.2000000000
0.0999872480000000	-8037.31590400000	1792.45440000000
0.200006755000000	-2080.41303600000	259.758800000000
0.299985936000000	-928.259079000000	86.0710000000000
0.399948992000000	-523.583719000000	41.6322000000000
0.499936240000000	-352.992439000000	25.1544000000000
0.999872479000000	-81.2831160000000	5.01512000000000
1.49992968100000	-33.5665590000000	3.14360000000000
2.00006755000000	-17.4000390000000	2.24884000000000
2.50018526800000	-9.49193100000000	1.46466000000000
3	0	26.7329899002089
3.04040404040404	0	24.6354693276778
3.08080808080808	0	22.4184061369047
3.12121212121212	0	20.2470410492368
3.16161616161616	0	18.2205582593980
3.20202020202020	0	16.3865707354477
3.24242424242424	0	14.7585161680802
3.28282828282828	0	13.3658956322285
3.32323232323232	0	12.1565866374974
3.36363636363636	0	10.9963279452301
3.40404040404040	0	9.83036757253874
3.44444444444444	0	8.65889777024519
3.48484848484849	0	7.51332600946268
3.52525252525253	0	6.22468210811852
3.56565656565657	0	4.56859635433671
3.60606060606061	0	3.21117605181923
3.64646464646465	0	1.89688208391096
3.68686868686869	0	1.14244494418644
3.72727272727273	0	0.658406296065405
3.76767676767677	0	0.454423737735689
3.80808080808081	0	0.979230559426710
3.84848484848485	0	1.81940245817632
3.88888888888889	0	3.23487011150161
3.92929292929293	0	3.92466995020882
3.96969696969697	0	4.38428124006864
4.01010101010101	0	4.57533883627203
4.05050505050505	0	4.64714099772783
4.09090909090909	0	4.68782088228194
4.13131313131313	0	4.71236157250413
4.17171717171717	0	4.72952539162262
4.21212121212121	0	4.73062867568624
4.25252525252525	0	4.69304732113592
4.29292929292929	0	4.65929937143350
4.33333333333333	0	4.66010196470688
4.37373737373737	0	4.66661081821183
4.41414141414141	0	4.67498262944865
4.45454545454546	0	4.68243334795020
4.49494949494950	0	4.68614553350660
4.53535353535354	0	4.67803068075737
4.57575757575758	0	4.65172429103138
4.61616161616162	0	4.61310882360587
4.65656565656566	0	4.56811267912008
4.69696969696970	0	4.52233230251686
4.73737373737374	0	4.48095301958930
4.77777777777778	0	4.44607084342669
4.81818181818182	0	4.41173026862951
4.85858585858586	0	4.37755733961735
4.89898989898990	0	4.34370309026193
4.93939393939394	0	4.31030929678104
4.97979797979798	0	4.27750891530291
5.02020202020202	0	4.24553238379529
5.06060606060606	0	4.21492130689898
5.10101010101010	0	4.18546190012530
5.14141414141414	0	4.15684717279273
5.18181818181818	0	4.12878654216029
5.22222222222222	0	4.10100462185461
5.26262626262626	0	4.07324042606374
5.30303030303030	0	4.04524693725229
5.34343434343434	0	4.01679098987234
5.38383838383838	0	3.98765342530548
5.42424242424242	0	3.95762947453468
5.46464646464646	0	3.92652932522781
5.50505050505051	0	3.89417775125658
5.54545454545455	0	3.86038818870705
5.58585858585859	0	3.82527199990061
5.62626262626263	0	3.78905503938699
5.66666666666667	0	3.75195275989761
5.70707070707071	0	3.71416941115643
5.74747474747475	0	3.67589750050292
5.78787878787879	0	3.63731748840044
5.82828282828283	0	3.59859769072820
5.86868686868687	0	3.55989435966302
5.90909090909091	0	3.52135191573269
5.94949494949495	0	3.48310330505859
5.98989898989899	0	3.44527045771394
6.03030303030303	0	3.40777273623357
6.07070707070707	0	3.37016642672236
6.11111111111111	0	3.33246520490831
6.15151515151515	0	3.29470880683980
6.19191919191919	0	3.25693503255485
6.23232323232323	0	3.21917975325265
6.27272727272727	0	3.18147692674453
6.31313131313131	0	3.14385862034636
6.35353535353535	0	3.10635504039784
6.39393939393939	0	3.06899456762371
6.43434343434343	0	3.03180379758610
6.47474747474748	0	2.99480758551529
6.51515151515152	0	2.95797052719080
6.55555555555556	0	2.92064782653466
6.59595959595960	0	2.88287035137323
6.63636363636364	0	2.84489335324086
6.67676767676768	0	2.80694985834776
6.71717171717172	0	2.76925117871234
6.75757575757576	0	2.73198776816795
6.79797979797980	0	2.69533034161796
6.83838383838384	0	2.65943118557173
6.87878787878788	0	2.62442559829379
6.91919191919192	0	2.59043340819753
6.95959595959596	0	2.55756052895535
7	0	2.52590051888231
7.50055580400000	0.474243000000000	2.08072400000000
7.99897983400000	0.778591000000000	1.74696000000000
8.99740112000000	1.44243200000000	1.49042400000000
9.99872479300000	1.82719500000000	1.62866800000000
11.0012588700000	2.08121600000000	1.70877000000000
12.0023414700000	2.24109500000000	1.88779200000000
13.0003342200000	2.32942500000000	2.11840000000000
14.0000211600000	2.34531100000000	2.69352000000000
14.4993787200000	1.93711100000000	2.87700000000000
14.9992968100000	1.91287600000000	3.04776000000000
16.0000241900000	1.19114100000000	2.58622000000000
17.0004370500000	0.839604000000000	2.56424000000000
18.0000272100000	0.992936000000000	2.06241000000000
19.0014080400000	1.03725200000000	1.90406400000000
20.0006755000000	1.15430400000000	1.84212000000000
21.0000317500000	1.25669100000000	2.00554000000000
21.4989054000000	1.22982300000000	2.19153600000000
21.9986138100000	1.02636800000000	2.33882400000000
22.5016674100000	0.718419000000000	2.35994000000000
22.9983653200000	0.491376000000000	2.21605000000000
23.4996564500000	0.353916000000000	2.05344000000000
24.0000362800000	0.262305000000000	1.87851200000000
24.4979623500000	0.224697000000000	1.71690400000000
25.0018526800000	0.211225000000000	1.56823200000000
25.5006555800000	0.228285000000000	1.42062800000000
25.9979424300000	0.265853000000000	1.31679600000000
26.4980097100000	0.312840000000000	1.22859800000000
27.0000408200000	0.362496000000000	1.15180000000000
27.4970475600000	0.414425000000000	1.09771200000000
28.0000423300000	0.465504000000000	1.06436000000000
28.5021120500000	0.502737000000000	1.04218400000000
29.0021491100000	0.534312000000000	1.02376600000000
29.9985936200000	0.572219000000000	1.00626000000000
31.0037978100000	0.583468000000000	0.995376000000000
31.9959193400000	0.569457000000000	0.972576000000000
33.0008484000000	0.544005000000000	0.924172000000000
33.9962126200000	0.533520000000000	0.859662000000000
35.0040054900000	0.542109000000000	0.785420000000000
36.0000544200000	0.592652000000000	0.732336000000000
36.9991606800000	0.623225000000000	0.708000000000000
37.9969927800000	0.645120000000000	0.692192000000000
39.0010026500000	0.658141000000000	0.676620000000000
39.9948991700000	0.667392000000000	0.659456000000000
42.0000634900000	0.682808000000000	0.626106000000000
43.9972276200000	0.696645000000000	0.600532000000000
46.0052643500000	0.698487000000000	0.578816000000000
46.9993129000000	0.696960000000000	0.566162000000000
48.0000725600000	0.693063000000000	0.548784000000000
49.0056076800000	0.693225000000000	0.531000000000000
49.9936239600000	0.697356000000000	0.512720000000000
51.0013111600000	0.706035000000000	0.497932000000000
52.0067900300000	0.714145000000000	0.490728000000000
53.0073482000000	0.716475000000000	0.489500000000000
54.0000816300000	0.708149000000000	0.484980000000000
56.0000846600000	0.691560000000000	0.451178000000000
57.9907331300000	0.697255000000000	0.411432000000000
60.0117073700000	0.713288000000000	0.385866000000000
61.9920937200000	0.731640000000000	0.371782000000000
64.0083569600000	0.739125000000000	0.371700000000000
65.9841338100000	0.735168000000000	0.372626000000000
68.0110737400000	0.715377000000000	0.362336000000000
70.0080109700000	0.699072000000000	0.338446000000000
72.0001088500000	0.691440000000000	0.308062000000000
74.0204104100000	0.700053000000000	0.283196000000000
76.0172823000000	0.702645000000000	0.269548000000000
77.9774763700000	0.702000000000000	0.253598000000000
79.9897983400000	0.699783000000000	0.235744000000000
84.9788810400000	0.703395000000000	0.187812000000000
89.9740112000000	0.713711360000000	0.142971600000000
95.0070401800000	0.738128750000000	0.0972930000000000
99.9872479300000	0.765916760000000	0.0669264000000000
104.982377200000	0.791418790000000	0.0464580000000000
110.012588700000	0.813308160000000	0.0310288000000000
120.023414700000	0.857437312000000	0.0115194400000000
130.003342200000	0.889235604000000	0.00690276000000000
140.000211600000	0.912012468000000	0.00676140000000000
149.992968100000	0.927352435000000	0.00783882000000000
160.000241900000	0.937004816000000	0.00847968000000000
170.004370500000	0.946709464000000	0.00860132000000000
180.000272100000	0.956465424000000	0.00843036000000000
200.006755000000	0.964309787000000	0.00740428000000000
219.986138100000	0.974157098000000	0.00681030000000000
240.000362800000	0.978108750000000	0.00692300000000000
259.979424300000	0.984054328000000	0.00617024000000000
280.000423300000	0.988028710000000	0.00536760000000000
299.985936200000	0.992010618000000	0.00462144000000000
350.040054900000	1.00199817800000	0.00336336000000000
369.991606800000	1.01398126700000	0.0165752200000000
399.948991700000	0.995926208000000	0.0176047200000000
499.936239600000	0.993988115000000	0.00911258000000000
600.117073700000	0.994001764000000	0.00536386000000000
740.204104100000	0.996001984000000	0.00283432000000000
799.897983400000	0.994007834000000	0.00215352000000000
999.872479300000	0.996003726000000	0.00104390800000000
1499.92968100000	0.998000985000000	0.000241758000000000
2000.06755000000	1.00200099800000	9.44944000000000e-05
2500.18526800000	1.00200099900000	4.80480000000000e-05
2999.85936200000	1.00200100000000	2.86286000000000e-05
3500.40054900000	1.00600900000000	3.45032000000000e-05
3600.00544200000	1.00600899900000	6.49944000000000e-05
3999.48991700000	1.00600899900000	7.16142000000000e-05
4500.33348200000	1.00200100000000	4.42442000000000e-05
4999.36239600000	1.00200100000000	3.04304000000000e-05
6001.17073700000	1.00400400000000	1.67534000000000e-05
7998.97983400000	1	5.84000000000000e-06
9998.72479300000	0.998001000000000	2.57742000000000e-06
20000.6755000000	0.998001000000000	1.91209000000000e-07
25001.8526800000	1.00200100000000	7.26726000000000e-08
25997.9424300000	1.00200100000000	4.22422000000000e-07
29998.5936200000	1	2.64000000000000e-07
