0.0001000	1.000	0.0
0.004999362	-24616	261510
0.009998725	-16252	113664
0.049993624	-11085.75	16244
0.099987248	-5788.88	4341.66
0.5	-325.989471	46.0826
1	-76.774516	6.52488
1.5	-29.016756	2.02664
1.9	-9.894944	1.0458
2.2	-8.200764	1.76256
2.4	-4.124736	2.57792
2.6	-1.683052	4.461264
2.8	-1.185372	5.948096
3	-1.157268	6.406576
3.2	-0.94582	6.481728
3.3	-0.75642	6.465152
3.5	-0.387504	6.43104
3.6	-0.28896	6.520072
3.8	-0.199908	6.850944
4	-0.322156	7.01256
4.2	-0.524548	6.812736
4.4	-0.685824	6.36116
4.8	-0.793488	5.257984
5	-0.47424	4.855648
5.5	0.02894	4.187568
6	0.316448	3.714264
6.526	0.748104	3.23929
7.085	1.1051	3.21
7.514	1.091495	3.305232
7.999	0.874836	3.2132
8.551	0.735075	3.018708
9.05	0.689661	2.84602
9.537	0.670464	2.66832
10	0.664231	2.52672
10.51	0.66	2.375
10.97	0.6579	2.264432
11.48	0.700299	2.15586
12.04	0.74376	2.069378
13.05	0.649091	1.86798
14.09	0.522379	1.68846
15.12	0.491008	1.568094
16.1	0.540441	1.48176
16.98	0.609664	1.43796
17.97	0.721344	1.47968
19.07	0.829925	1.6401
20	0.720416	1.76484
21.01	0.488325	1.8011
21.38	0.404061	1.77662
22.14	0.251121	1.67056
22.54	0.1969	1.596
22.96	0.1566	1.50975
23.39	0.160075	1.4151
23.84	0.212784	1.29056
24.8	0.306475	1.0965
26	0.341775	1.216768
27	0.3978	1.13665
28	0.443352	1.093814
29	0.460224	1.08419
29.5	0.448799	1.0818
30	0.42316	1.069722
30.5	0.395699	1.04574
31	0.368985	1.014392
32	0.323125	0.9177
33	0.344736	0.80443
34	0.383112	0.736934
35	0.420368	0.687474
36	0.4464	0.650808
37	0.468063	0.616216
38	0.48804	0.586922
39	0.50424	0.559858
40	0.520469	0.53106
41	0.537912	0.506566
42	0.554607	0.487224
43	0.565985	0.471288
44	0.571725	0.455148
45	0.575125	0.4347
46	0.583509	0.40894
47	0.597837	0.385084
48	0.611971	0.3663
49	0.628672	0.349746
50	0.643968	0.337824
52	0.667821	0.31882
54	0.686704	0.30528
56	0.703495	0.292752
58	0.713765	0.285852
60	0.718525	0.279612
62	0.713545	0.268008
64	0.71284	0.251958
66	0.71424	0.232832
68	0.715649	0.21204
70	0.721905	0.191968
72	0.68728491	0.166499
74	0.74656771	0.1611126
76	0.75454259	0.1520766
78	0.75893376	0.14315
80	0.76522896	0.1320512
82	0.77150976	0.1201684
83	0.77719191	0.1154504
83.5	0.77916731	0.112749
84	0.78453711	0.1124208
84.5	0.78426684	0.1161504
85	0.78345124	0.1021824
86	0.78123831	0.1086236
87	0.78345124	0.1021824
87.5	0.78543036	0.0991008
88	0.78725184	0.0985012
100	0.78825984	0.0807212
105	0.80875391	0.06354
110	0.82906251	0.0533846
120	0.86272416	0.0330724
150	0.92726699	0.0194526
180	0.95832651	0.0209506
200	0.96615675	0.022609
220	0.97205676	0.0232696
260	0.97603164	0.0209456
300	0.982000898	0.0177389
395.4	0.99048474	0.012241575
452.2	0.991819436	0.012150224
500.3	0.99198464	0.0111552
524.9	0.99248	0.007491725
572.9	0.993043988	0.005680164
637.5	0.99330404	0.005342044
704.9	0.994163051	0.004666334
776.4	0.994683616	0.003710105
851.5	0.995183343	0.003132433
929.4	0.995762982	0.002454785
1012	0.996402356	0.001876616
1188	0.99742138	0.001064625
1254	0.997701129	0.000878988
1487	0.998170741	0.000619433
1550	0.998312641	0.000533549
1771	0.998790338	0.000335797
2066	0.999274122	0.000197528
2480	0.999412031	0.000471861
3100	0.999538039	0.000239945
3542	0.999588034	0.000181363
4133	0.999662026	0.000104982
4959	0.999758014	5.49933E-05
6199	0.999845406	2.49981E-05
7085	0.999883003	1.55591E-05
8266	0.999915602	9.03962E-06
8551	0.999921602	8.03968E-06
9184	0.999933001	6.25979E-06
9919	0.999943801	4.77987E-06
10000	0.999940177	4.41623E-06
10222.1533	0.999942951	4.07902E-06
10449.2441	0.999945628	3.76787E-06
10681.3779	0.999948219	3.48079E-06
10918.6689	0.999950736	3.21589E-06
11161.2324	0.999953223	2.97153E-06
11409.1836	0.999955724	2.74603E-06
11662.6426	0.999958463	2.53799E-06
11921.7334	0.999968674	5.84863E-06
12186.5801	0.999961836	5.38959E-06
12457.3096	0.99996277	4.96656E-06
12734.0547	0.999964065	4.5768E-06
13016.9463	0.99996548	4.21766E-06
13306.123	0.999967023	3.88666E-06
13601.7236	0.999968919	3.58166E-06
13903.8916	0.999969968	4.60634E-06
14212.7725	0.99997107	4.24985E-06
14528.5156	0.999972042	4.51751E-06
14851.2725	0.999972628	4.18595E-06
15181.1992	0.999973553	3.87762E-06
15518.4551	0.9999745	3.59104E-06
15863.2051	0.999975451	3.32461E-06
16215.6133	0.999976389	3.0772E-06
16575.8496	0.999977307	2.8475E-06
16944.0898	0.999978203	2.63425E-06
17320.5098	0.999979073	2.43644E-06
17705.291	0.999979916	2.25301E-06
18098.6211	0.999980733	2.08292E-06
18500.6895	0.999981521	1.92532E-06
18911.6895	0.999982282	1.77927E-06
19331.8203	0.999983016	1.64402E-06
19761.2852	0.999983722	1.5188E-06
20200.291	0.999984402	1.40286E-06
20649.0488	0.999985056	1.29557E-06
21107.7754	0.999985684	1.19632E-06
21576.6934	0.999986288	1.10451E-06
22056.0293	0.999986868	1.01961E-06
22546.0117	0.999987425	9.41107E-07
23046.8828	0.999987959	8.68542E-07
23558.877	0.999988472	8.0149E-07
24082.248	0.999988964	7.39522E-07
24617.2461	0.999989436	6.8228E-07
25164.127	0.999989888	6.29412E-07
25723.1602	0.999990321	5.80579E-07
26294.6074	0.999990736	5.35489E-07
26878.7559	0.999991134	4.93863E-07
27475.877	0.999991516	4.55438E-07
28086.2637	0.999991881	4.19973E-07
28710.2129	0.99999223	3.87245E-07
29348.0234	0.999992565	3.57043E-07
30000	0.999992889	3.29183E-07
